1463473055.980 4
1463473057.236 4
1463473058.484 4
1463473060.749 3
1463473061.084 4
1463473061.978 3
1463473062.313 4
1463473063.202 3
1463473063.533 4
1463473065.423 4
1463473065.768 3
1463473066.509 4
1463473066.724 2
1463473067.008 3
1463473067.877 1
1463473067.972 2
1463473068.259 3
1463473069.139 1
1463473069.236 2
1463473070.061 4
1463473070.214 3
1463473070.409 1
1463473071.186 4
1463473071.338 3
1463473071.913 2
1463473072.647 4
1463473073.103 1
1463473073.203 2
1463473073.793 4
1463473074.408 1
1463473074.507 2
1463473075.006 3
1463473075.727 1
1463473076.177 3
1463473076.551 2
1463473077.530 4
1463473077.697 3
1463473077.732 2
1463473077.789 1
1463473078.720 4
1463473078.887 3
1463473078.976 1
1463473080.267 4
1463473081.446 4
1463473081.523 2
1463473082.651 3
1463473082.691 2
1463473082.746 1
1463473083.812 3
1463473083.903 1
1463473084.183 2
1463473085.154 4
1463473085.306 3
1463473085.330 2
1463473085.381 1
1463473086.292 4
1463473086.450 3
1463473086.527 1
1463473087.779 4
1463473088.926 4
1463473088.988 2
1463473090.131 3
1463473090.146 2
1463473090.199 1
1463473091.273 3
1463473091.346 1
1463473091.637 2
1463473092.586 4
1463473092.745 3
1463473092.768 2
1463473092.820 1
1463473093.711 4
1463473093.868 3
1463473093.945 1
1463473095.164 4
1463473096.275 4
1463473096.349 2
1463473097.435 3
1463473097.459 2
1463473097.517 1
1463473098.548 3
1463473098.625 1
1463473098.906 2
1463473099.848 4
1463473100.003 3
1463473100.026 2
1463473100.079 1
1463473100.972 4
1463473101.127 3
1463473101.209 1
1463473102.453 4
1463473103.612 4
1463473103.690 2
1463473104.827 3
1463473104.855 2
1463473104.911 1
1463473105.997 3
1463473106.084 1
1463473106.377 2
1463473107.371 4
1463473107.532 3
1463473107.553 2
1463473107.612 1
1463473108.546 4
1463473108.707 3
1463473108.784 1
1463473110.050 4
1463473111.218 4
1463473111.299 2
1463473112.447 3
1463473112.465 2
1463473112.522 1
1463473113.616 3
1463473113.691 1
1463473113.990 2
1463473114.964 4
1463473115.121 3
1463473115.160 2
1463473115.216 1
1463473116.133 4
1463473116.293 3
1463473116.388 1
1463473117.652 4
1463473118.816 4
1463473118.903 2
1463473120.027 3
1463473120.063 2
1463473120.121 1
1463473121.184 3
1463473121.276 1
1463473121.553 2
1463473122.525 4
1463473122.688 3
1463473122.711 2
1463473122.764 1
1463473123.682 4
1463473123.843 3
1463473123.920 1
1463473125.175 4
1463473126.324 4
1463473126.404 2
1463473127.523 3
1463473127.551 2
1463473127.608 1
1463473128.672 3
1463473128.753 1
1463473129.042 2
1463473130.005 4
1463473130.151 3
1463473130.182 2
1463473130.236 1
1463473131.138 4
1463473131.286 3
1463473131.372 1
1463473132.626 4
1463473133.751 4
1463473133.803 2
1463473134.915 3
1463473134.933 2
1463473134.984 1
1463473136.038 3
1463473136.113 1
1463473136.393 2
1463473137.359 4
1463473137.518 3
1463473137.519 2
1463473137.573 1
1463473138.483 4
1463473138.642 3
1463473138.697 1
1463473139.965 4
1463473141.093 4
1463473141.138 2
1463473142.254 3
1463473142.267 2
1463473142.326 1
1463473143.400 3
1463473143.469 1
1463473143.776 2
1463473144.770 4
1463473144.926 3
1463473144.938 2
1463473144.995 1
1463473145.944 4
1463473146.103 3
1463473146.173 1
1463473147.493 4
1463473148.708 4
1463473148.769 2
1463473149.999 3
1463473150.005 2
1463473150.066 1
1463473151.255 3
1463473151.322 1
1463473151.659 2
1463473152.741 4
1463473152.914 3
1463473152.938 2
1463473153.002 1
1463473154.032 4
1463473154.198 3
1463473154.282 1
1463473155.664 4
1463473156.918 4
1463473157.001 2
1463473158.227 3
1463473158.247 2
1463473158.309 1
1463473159.480 3
1463473159.560 1
1463473159.880 2
1463473160.939 4
1463473161.108 3
1463473161.139 2
1463473161.203 1
1463473162.190 4
1463473162.359 3
1463473162.446 1
1463473163.794 4
1463473165.021 4
1463473165.106 2
1463473166.299 3
1463473166.333 2
1463473166.390 1
1463473167.517 3
1463473167.609 1
1463473167.903 2
1463473168.925 4
1463473169.086 3
1463473169.112 2
1463473169.169 1
1463473170.125 4
1463473170.285 3
1463473170.368 1
1463473171.670 4
1463473172.860 4
1463473172.942 2
1463473174.101 3
1463473174.124 2
1463473174.181 1
1463473175.278 3
1463473175.358 1
1463473175.650 2
1463473176.630 4
1463473176.791 3
1463473176.822 2
1463473176.877 1
1463473177.797 4
1463473177.957 3
1463473178.043 1
1463473179.296 4
1463473180.454 4
1463473180.547 2
1463473181.666 3
1463473181.702 2
1463473181.758 1
1463473182.822 3
1463473182.910 1
1463473183.192 2
1463473184.154 4
1463473184.308 3
1463473184.343 2
1463473184.397 1
1463473185.306 4
1463473185.457 3
1463473185.547 1
1463473186.793 4
1463473187.939 4
1463473188.021 2
1463473189.139 3
1463473189.169 2
1463473189.222 1
1463473190.286 3
1463473190.368 1
1463473190.646 2
1463473191.620 4
1463473191.767 3
1463473191.792 2
1463473191.846 1
1463473192.761 4
1463473192.909 3
1463473192.991 1
1463473194.242 4
1463473195.389 4
1463473195.466 2
1463473196.593 3
1463473196.614 2
1463473196.667 1
1463473197.737 3
1463473197.816 1
1463473198.099 2
1463473199.075 4
1463473199.224 3
1463473199.247 2
1463473199.305 1
1463473200.228 4
1463473200.377 3
1463473200.455 1
1463473201.721 4
1463473202.879 4
1463473202.958 2
1463473204.090 3
1463473204.114 2
1463473204.172 1
1463473205.251 3
1463473205.330 1
1463473205.614 2
1463473206.603 4
1463473206.757 3
1463473206.779 2
1463473206.835 1
1463473207.774 4
1463473207.927 3
1463473208.004 1
1463473209.291 4
1463473210.465 4
1463473210.544 2
1463473211.698 3
1463473211.722 2
1463473211.779 1
1463473212.880 3
1463473212.959 1
1463473213.250 2
1463473214.249 4
1463473214.409 3
1463473214.430 2
1463473214.489 1
1463473215.436 4
1463473215.589 3
1463473215.668 1
1463473216.961 4
1463473218.145 4
1463473218.225 2
1463473219.382 3
1463473219.409 2
1463473219.465 1
1463473220.568 3
1463473220.649 1
1463473220.942 2
1463473221.941 4
1463473222.096 3
1463473222.124 2
1463473222.182 1
1463473223.126 4
1463473223.283 3
1463473223.367 1
1463473224.658 4
1463473225.856 4
1463473225.938 2
1463473227.109 3
1463473227.137 2
1463473227.191 1
1463473228.310 3
1463473228.395 1
1463473228.689 2
1463473229.699 4
1463473229.863 3
1463473229.894 2
1463473229.952 1
1463473230.909 4
1463473231.075 3
1463473231.159 1
1463473232.481 4
1463473233.690 4
1463473233.781 2
1463473234.965 3
1463473234.999 2
1463473235.058 1
1463473236.189 3
1463473236.280 1
1463473236.576 2
1463473237.605 4
1463473237.778 3
1463473237.807 2
1463473237.862 1
1463473238.831 4
1463473239.001 3
1463473239.092 1
1463473240.418 4
1463473241.658 4
1463473241.747 2
1463473242.949 3
1463473242.983 2
1463473243.040 1
1463473244.187 3
1463473244.278 1
1463473244.588 2
1463473245.627 4
1463473245.783 3
1463473245.819 2
1463473245.884 1
1463473246.871 4
1463473247.027 3
1463473247.118 1
1463473248.460 4
1463473249.704 4
1463473249.793 2
1463473251.013 3
1463473251.037 2
1463473251.097 1
1463473252.260 3
1463473252.340 1
1463473252.639 2
1463473253.689 4
1463473253.852 3
1463473253.887 2
1463473253.941 1
1463473254.934 4
1463473255.098 3
1463473255.189 1
1463473256.548 4
1463473257.787 4
1463473257.869 2
1463473259.070 3
1463473259.111 2
1463473259.164 1
1463473260.307 3
1463473260.405 1
1463473260.693 2
1463473261.733 4
1463473261.912 3
1463473261.929 2
1463473261.984 1
1463473262.958 4
1463473263.141 3
1463473263.215 1
1463473264.543 4
1463473265.774 4
1463473265.866 2
1463473267.062 3
1463473267.095 2
1463473267.152 1
1463473268.284 3
1463473268.379 1
1463473268.693 2
1463473269.695 4
1463473269.868 3
1463473269.916 2
1463473269.977 1
1463473270.918 4
1463473271.096 3
1463473271.199 1
1463473272.506 4
1463473273.738 4
1463473273.834 2
1463473275.018 3
1463473275.056 2
1463473275.120 1
1463473276.243 3
1463473276.343 1
1463473276.646 2
1463473277.669 4
1463473277.837 3
1463473277.880 2
1463473277.937 1
1463473278.903 4
1463473279.077 3
1463473279.172 1
1463473280.512 4
1463473281.749 4
1463473281.839 2
1463473283.042 3
1463473283.073 2
1463473283.136 1
1463473284.277 3
1463473284.366 1
1463473284.670 2
1463473285.697 4
1463473285.879 3
1463473285.910 2
1463473285.965 1
1463473286.926 4
1463473287.110 3
1463473287.205 1
1463473288.546 4
1463473289.777 4
1463473289.856 2
1463473291.043 3
1463473291.083 2
1463473291.141 1
1463473292.261 3
1463473292.367 1
1463473292.675 2
1463473293.696 4
1463473293.872 3
1463473293.896 2
1463473293.960 1
1463473294.927 4
1463473295.103 3
1463473295.184 1
1463473296.538 4
1463473297.782 4
1463473297.860 2
1463473299.085 3
1463473299.102 2
1463473299.169 1
1463473300.331 3
1463473300.406 1
1463473300.735 2
1463473301.772 4
1463473301.951 3
1463473301.981 2
1463473302.040 1
1463473303.019 4
1463473303.202 3
1463473303.293 1
1463473306.006 2
1463473307.248 3
1463473307.283 2
1463473307.343 1
1463473308.523 3
1463473308.621 1
1463473308.945 2
1463473310.224 2
1463473310.286 1
1463473311.566 1
1463473314.345 2
1463473315.634 2
1463473315.699 1
1463473316.988 1
